{"version":3,"fps":30,"names":["eyeBlinkLeft","eyeLookDownLeft","eyeLookInLeft","eyeLookOutLeft","eyeLookUpLeft","eyeSquintLeft","eyeWideLeft","eyeBlinkRight","eyeLookDownRight","eyeLookInRight","eyeLookOutRight","eyeLookUpRight","eyeSquintRight","eyeWideRight","jawForward","jawLeft","jawRight","jawOpen","mouthClose","mouthFunnel","mouthPucker","mouthLeft","mouthRight","mouthSmileLeft","mouthSmileRight","mouthFrownLeft","mouthFrownRight","mouthDimpleLeft","mouthDimpleRight","mouthStretchLeft","mouthStretchRight","mouthRollLower","mouthRollUpper","mouthShrugUpper","mouthShrugLower","mouthPressLeft","mouthPressRight","mouthLowerDownLeft","mouthLowerDownRight","mouthUpperUpLeft","mouthUpperUpRight","browDownLeft","browDownRight","browInnerUp","browOuterUpLeft","browOuterUpRight","cheekPuff","cheekSquintLeft","cheekSquintRight","noseSneerLeft","noseSneerRight"],"frames":[{"t":0.0072000000476464265,"values":[0.1359572410583496,0.07779884338378906,0.027264710515737534,0.13940106332302094,0.11072415113449097,0.38343846797943115,0.005267052445560694,0.1543816477060318,0.10024072974920273,0.10741955786943436,0.05218134820461273,0.08679931610822678,0.22402417659759521,0.0047357999719679356,0.000011083418030466419,0.0010984697146341205,0.0006406371830962598,0.01109009888023138,0.00195425096899271,0.0027301539666950703,0.8342778086662292,0.0005678035668097436,0.02747548371553421,7.750914505777473e-7,6.585881919818348e-7,0.000025290404664701782,0.000028060512704541907,0.001260958961211145,0.004871380049735308,0.000019795481421169825,0.00009169358963845298,0.07981377094984055,0.035862915217876434,0.006114650517702103,0.03915195167064667,0.003085501492023468,0.0033341848757117987,0.0002919136604759842,0.00015493109822273254,0.000005881927791051567,0.000007432521215378074,0.02290447987616062,0.012966935522854328,0.01531324815005064,0.17673927545547485,0.18083566427230835,0.000004781737061421154,1.632216566349598e-7,1.7546769015552854e-7,0.0000017038385067280615,1.67305998388656e-7],"faceMatrix":[0.9843727946281433,-0.031263310462236404,0.17330195009708405,0,0.04319028556346893,0.9969189167022705,-0.0654832050204277,0,-0.17072074115276337,0.07194479554891586,0.9826898574829102,0,-0.8335842490196228,1.2075672149658203,-31.186080932617188,1]},{"t":0.01660000002380002,"values":[0.13110587000846863,0.07264572381973267,0.032059237360954285,0.1257728636264801,0.11740248650312424,0.37590691447257996,0.00545832933858037,0.14944103360176086,0.0938754603266716,0.09208183735609055,0.060615286231040955,0.09247194230556488,0.2144121676683426,0.004900834057480097,0.000010884408766287379,0.0011937692761421204,0.0006357623497024179,0.01130351796746254,0.0020076774526387453,0.0027781836688518524,0.8384109735488892,0.0006057052523829043,0.02573697827756405,7.412386366922874e-7,6.222485922080523e-7,0.00002698517346289009,0.000029177002943470143,0.0011633823160082102,0.004724815487861633,0.00002071047856588848,0.00008658629667479545,0.08085682988166809,0.03689282387495041,0.006136628799140453,0.03967688977718353,0.0030123936012387276,0.0032981527037918568,0.00029642501613125205,0.000154138047946617,0.000005668768608302344,0.000007235595148813445,0.02359512262046337,0.01320139691233635,0.014554614201188087,0.17726126313209534,0.18226271867752075,0.000004835043910134118,1.6559907578539423e-7,1.7747240121934738e-7,0.0000016911402553887456,1.688842274916169e-7],"faceMatrix":[0.9844709038734436,-0.031150320544838905,0.17276586592197418,0,0.04317367076873779,0.9968670010566711,-0.06627769768238068,0,-0.17015989124774933,0.07270748913288116,0.9827307462692261,0,-0.8377399444580078,1.2109031677246094,-31.186410903930664,1]},{"t":0.024499999999989086,"values":[0.12584270536899567,0.06856471300125122,0.033648040145635605,0.12175241857767105,0.12323346734046936,0.3693331182003021,0.005688630510121584,0.14370612800121307,0.08829829841852188,0.08870697766542435,0.0627509281039238,0.09816066920757294,0.20703957974910736,0.005129310302436352,0.000010598047083476558,0.0012296764180064201,0.0006383656873367727,0.011353490874171257,0.002015024656429887,0.0028394649270921946,0.8456066846847534,0.0006481119780801237,0.024646755307912827,6.869295816613885e-7,5.808003606944112e-7,0.00002732177745201625,0.000029581682611024007,0.0011016357457265258,0.004651680123060942,0.000020243795006535947,0.00008614970283815637,0.08223263174295425,0.037946198135614395,0.0062573920004069805,0.041271425783634186,0.0029472289606928825,0.0033681311178952456,0.00029295639251358807,0.00015017911209724844,0.000005575813247560291,0.000007248109795909841,0.024105112999677658,0.013426939956843853,0.014156610704958439,0.17668643593788147,0.18215057253837585,0.000004792968411493348,1.6746531628086814e-7,1.8055000339245453e-7,0.0000017194928432218148,1.687317592313775e-7],"faceMatrix":[0.9845960736274719,-0.03057161346077919,0.17214800417423248,0,0.04276653751730919,0.996796190738678,-0.06758199632167816,0,-0.16953051090240479,0.0739031508564949,0.9827495217323303,0,-0.8480019569396973,1.209513783454895,-31.17269515991211,1]},{"t":0.03350000000000364,"values":[0.12277340888977051,0.06681151688098907,0.04090988263487816,0.10657989233732224,0.126743882894516,0.36408162117004395,0.005902448203414679,0.1423032432794571,0.08574967086315155,0.07505892217159271,0.07253824174404144,0.10084283351898193,0.20261120796203613,0.005196021869778633,0.000010327401469112374,0.001226525055244565,0.0006649477872997522,0.011150842532515526,0.0019169298466295004,0.002832002006471157,0.8530305027961731,0.0006630146526731551,0.02431592158973217,6.310183380264789e-7,5.48262676147715e-7,0.00002613026663311757,0.00002879139174183365,0.0011136512039229274,0.004682270810008049,0.000018263368474435993,0.00008591989899287,0.08321771770715714,0.03929746896028519,0.006220124661922455,0.04124154523015022,0.0027283381205052137,0.003314011264592409,0.00030164243071340024,0.00015149124374147505,0.000005580462584475754,0.000007276922133314656,0.024463601410388947,0.013749631121754646,0.013691124506294727,0.17589153349399567,0.18206511437892914,0.000004719857770396629,1.643431346565194e-7,1.7798359408516262e-7,0.000001745936287989025,1.652036303312343e-7],"faceMatrix":[0.9847440123558044,-0.030247870832681656,0.17136052250862122,0,0.0424366295337677,0.9967877864837646,-0.06791836768388748,0,-0.16875571012496948,0.07415421307086945,0.9828644394874573,0,-0.8540521264076233,1.2108253240585327,-31.15576171875,1]},{"t":0.04099999999999682,"values":[0.11831153184175491,0.06551084667444229,0.04004966467618942,0.10808603465557098,0.12826617062091827,0.35783955454826355,0.006143571808934212,0.13816547393798828,0.0842825174331665,0.0768413245677948,0.07087831944227219,0.10255579650402069,0.19887526333332062,0.005359558388590813,0.00001026260360958986,0.0011397928465157747,0.0006818271358497441,0.011090333573520184,0.001934533822350204,0.0028475106228142977,0.8528033494949341,0.0005511479103006423,0.02936275117099285,6.356582389344112e-7,5.521097818927956e-7,0.000026617562980391085,0.00002971326648548711,0.001131352037191391,0.004584540147334337,0.000018360498870606534,0.00009030665387399495,0.08254800736904144,0.038673289120197296,0.006194883491843939,0.041573844850063324,0.0027391151525080204,0.0031914315186440945,0.00029521764372475445,0.00015125726349651814,0.000006018203748681117,0.000007624371846759459,0.025677384808659554,0.014054221101105213,0.013491482473909855,0.1733556091785431,0.17911773920059204,0.000004719290245702723,1.6628796117856837e-7,1.7961539811039984e-7,0.000001768274728419783,1.6665056534748146e-7],"faceMatrix":[0.984749972820282,-0.030026596039533615,0.17136327922344208,0,0.04223160818219185,0.9967890977859497,-0.06802736967802048,0,-0.1687704622745514,0.07422695308923721,0.9828562140464783,0,-0.8538118004798889,1.2116426229476929,-31.15618896484375,1]},{"t":0.04920000004767644,"values":[0.11494128406047821,0.06441395729780197,0.04028313606977463,0.10697439312934875,0.12875346839427948,0.3529348373413086,0.006246996112167835,0.13462109863758087,0.08301803469657898,0.07601910084486008,0.07120566815137863,0.10384199023246765,0.19481806457042694,0.00546980882063508,0.000010212372217210941,0.0010929929558187723,0.000655218493193388,0.010798463597893715,0.0018987483344972134,0.002690553432330489,0.8402619361877441,0.00050272949738428,0.0305548757314682,6.940796879462141e-7,6.019835154802422e-7,0.000031067731470102444,0.000034597509511513636,0.0010857197921723127,0.004327632952481508,0.000020854902686551213,0.00009971156396204606,0.07978131622076035,0.03521774336695671,0.006395937409251928,0.04310315474867821,0.0029248748905956745,0.0033005389850586653,0.000290904805297032,0.00015007647743914276,0.000006466069862653967,0.000008098871148831677,0.02713463269174099,0.0143841952085495,0.013244899921119213,0.17115738987922668,0.1763877272605896,0.000004721045570477145,1.6928639468005713e-7,1.813252907822971e-7,0.0000018021125924860826,1.727384102423457e-7],"faceMatrix":[0.984472393989563,-0.029932400211691856,0.17297035455703735,0,0.042345404624938965,0.9967502951622009,-0.06852476298809052,0,-0.1703571230173111,0.07478523254394531,0.982540488243103,0,-0.8528032898902893,1.2102220058441162,-31.14594841003418,1]},{"t":0.057200000047657795,"values":[0.11138084530830383,0.06297363340854645,0.03993891179561615,0.10780536383390427,0.13164576888084412,0.3493935465812683,0.0064531415700912476,0.1302156001329422,0.08110897243022919,0.07719241827726364,0.07050157338380814,0.10625302791595459,0.19018156826496124,0.005707628559321165,0.000010023200957220979,0.0011213989928364754,0.0006742193945683539,0.010967161506414413,0.0019476773450151086,0.002738040639087558,0.8481347560882568,0.0005709542310796678,0.027816936373710632,6.478604746007477e-7,5.686109147973184e-7,0.000029998838726896793,0.00003358986941748299,0.0010655989171937108,0.004381317179650068,0.00001973160578927491,0.00009893757669487968,0.08226409554481506,0.03675256296992302,0.006432769820094109,0.044458188116550446,0.0028720898553729057,0.00338739319704473,0.0002873355115298182,0.0001461716601625085,0.0000060300608311081305,0.000007670735612919088,0.02675987035036087,0.01419390831142664,0.013212690129876137,0.17022371292114258,0.17975777387619019,0.000004694324161391705,1.7018267328694492e-7,1.8594225537071907e-7,0.0000018080758081850945,1.718003233008858e-7],"faceMatrix":[0.9842787981033325,-0.029844822362065315,0.17408086359500885,0,0.042373865842819214,0.9967363476753235,-0.06870529800653458,0,-0.1714622676372528,0.07500160485506058,0.982331395149231,0,-0.8630621433258057,1.2117180824279785,-31.149742126464844,1]},{"t":0.06580000001190456,"values":[0.10761213302612305,0.06209366396069527,0.04285023361444473,0.10194499045610428,0.13242727518081665,0.3480978310108185,0.006648143287748098,0.12609629333019257,0.07995986193418503,0.07235631346702576,0.0740782842040062,0.107303686439991,0.18576619029045105,0.005854177754372358,0.000009849284651863854,0.0011636394774541259,0.0006419842829927802,0.010991477407515049,0.001967075979337096,0.0026547014713287354,0.8422847986221313,0.0005982261500321329,0.025645004585385323,6.667830803053221e-7,5.866913852514699e-7,0.00003324172939755954,0.00003667421333375387,0.0010072441073134542,0.004281597677618265,0.0000213471103052143,0.00009986286022467539,0.08286646008491516,0.03550351783633232,0.006594945210963488,0.04634088650345802,0.0029083082918077707,0.003512580879032612,0.00028495388687588274,0.00014286820078268647,0.000006029054475220619,0.000007849143003113568,0.02728206291794777,0.014291160739958286,0.012967737391591072,0.17115335166454315,0.1784505844116211,0.0000046893128455849364,1.7209303848630952e-7,1.8658226963452762e-7,0.0000017875121329780086,1.7380689598667232e-7],"faceMatrix":[0.9844542741775513,-0.029749523848295212,0.17310145497322083,0,0.04231614992022514,0.9966928362846375,-0.06936508417129517,0,-0.17046548426151276,0.07561177015304565,0.9824578762054443,0,-0.8685702681541443,1.2125993967056274,-31.153697967529297,1]},{"t":0.0742000000476537,"values":[0.10502588748931885,0.06058232858777046,0.044159773737192154,0.0995226725935936,0.13493342697620392,0.34354889392852783,0.006867113057523966,0.12351247668266296,0.0783231258392334,0.07034393399953842,0.07586417347192764,0.1092255562543869,0.1807386726140976,0.0059130508452653885,0.000009878568562271539,0.0011585165048018098,0.000635785108897835,0.010717444121837616,0.0018876052927225828,0.0025711972266435623,0.8328709602355957,0.0005916496738791466,0.024614213034510612,7.088777351782483e-7,6.255639277696901e-7,0.000036647787055699155,0.000040237908251583576,0.0009768904419615865,0.004167348146438599,0.000022866301151225343,0.00010274760279571638,0.08067401498556137,0.034243058413267136,0.0066771539859473705,0.046447500586509705,0.0029423399828374386,0.0035713554825633764,0.0002897063677664846,0.00014398060739040375,0.0000060294801187410485,0.000007924944839032833,0.02838820591568947,0.0146981505677104,0.012578697875142097,0.16770009696483612,0.1760459691286087,0.000004722063295048429,1.7006699692956317e-7,1.8563892467682308e-7,0.0000018138509858545149,1.7647964511979808e-7],"faceMatrix":[0.9845512509346008,-0.029287340119481087,0.17262990772724152,0,0.04194719344377518,0.9966539740562439,-0.07014919072389603,0,-0.16999785602092743,0.07630675286054611,0.9824856519699097,0,-0.8700171709060669,1.2127928733825684,-31.146961212158203,1]},{"t":0.08270000004768008,"values":[0.10264258831739426,0.059669334441423416,0.04773510992527008,0.09391891211271286,0.13666296005249023,0.3403434753417969,0.00703383469954133,0.12216171622276306,0.07725343108177185,0.06580281257629395,0.08001688122749329,0.11061583459377289,0.1776769906282425,0.005994744133204222,0.000009721521564642899,0.001132356352172792,0.000641222984995693,0.010580937378108501,0.0018664924427866936,0.0025463365018367767,0.8330415487289429,0.0006063267937861383,0.023666610941290855,7.026404773569084e-7,6.293295768955431e-7,0.000037914262065896764,0.00004169304884271696,0.0009493039106018841,0.004112779628485441,0.000022977719709160738,0.00010461416968610138,0.0798955112695694,0.033759038895368576,0.00672892015427351,0.04713417962193489,0.002875851932913065,0.003612697357311845,0.000289238611003384,0.00014189248031470925,0.000006118259989307262,0.000008152867849275935,0.02923632226884365,0.015026925131678581,0.012246765196323395,0.16557706892490387,0.17345204949378967,0.000004673526291298913,1.6909163491618528e-7,1.8310977623059443e-7,0.0000018153253904529265,1.7517560024771228e-7],"faceMatrix":[0.9845667481422424,-0.029087455943226814,0.17257393896579742,0,0.041876088827848434,0.9966012239456177,-0.07093330472707748,0,-0.16992422938346863,0.07706522196531296,0.9824389815330505,0,-0.8689745664596558,1.2119488716125488,-31.14029312133789,1]},{"t":0.0906000000238123,"values":[0.09908045083284378,0.059255603700876236,0.045775189995765686,0.09672403335571289,0.13728155195713043,0.33213698863983154,0.007325628772377968,0.11988868564367294,0.07680682837963104,0.06875558942556381,0.0771603211760521,0.11116935312747955,0.17280784249305725,0.006120021920651197,0.000009692686035123188,0.0011449825251474977,0.0006332934717647731,0.010384070686995983,0.001839078264310956,0.0025672749616205692,0.8318056464195251,0.000601181760430336,0.024097612127661705,7.270959372362995e-7,6.510937282655505e-7,0.00003792439019889571,0.000041056551708607,0.0009122751071117818,0.004153507295995951,0.000023760214389767498,0.00010311509686289355,0.07755603641271591,0.03330549970269203,0.006778682116419077,0.0472465455532074,0.0028833900578320026,0.003636320121586323,0.0002831683377735317,0.00013825841597281396,0.000006062761713110376,0.000008133780283969827,0.029687702655792236,0.015191404148936272,0.012012182734906673,0.16307254135608673,0.17281076312065125,0.000004632926447811769,1.6629336130336014e-7,1.8238651477986423e-7,0.0000018246963691126439,1.7283184661209816e-7],"faceMatrix":[0.9844750165939331,-0.029217950999736786,0.17307496070861816,0,0.0419672466814518,0.9966307878494263,-0.07046777755022049,0,-0.1704329550266266,0.07663719356060028,0.9823846817016602,0,-0.874598503112793,1.2162290811538696,-31.13469696044922,1]},{"t":0.09910000002383867,"values":[0.09736115485429764,0.058590855449438095,0.04518986493349075,0.09753774851560593,0.1372053325176239,0.3220013380050659,0.007395449560135603,0.11717953532934189,0.0761827901005745,0.06864679604768753,0.07762515544891357,0.11152934283018112,0.16607321798801422,0.006229215767234564,0.000009673385648056865,0.001150266034528613,0.0006061811000108719,0.010168400593101978,0.0018251765286549926,0.0024990616366267204,0.8223761916160583,0.000563780078664422,0.025025809183716774,7.965443273860728e-7,7.092219789228693e-7,0.00004058815829921514,0.00004279241693438962,0.0008677063742652535,0.004103273153305054,0.000026625992177287117,0.00010287878103554249,0.07395967096090317,0.03152202442288399,0.006765884812921286,0.04697346314787865,0.002951351460069418,0.003632474923506379,0.0002767857804428786,0.00013517025217879564,0.000006272506198001793,0.000008365649591723923,0.03206953406333923,0.015879737213253975,0.011609230190515518,0.15949293971061707,0.16950631141662598,0.000004621625066647539,1.6290442772515235e-7,1.8101188459240802e-7,0.0000018051881625069655,1.7309990596459102e-7],"faceMatrix":[0.9842149019241333,-0.029372379183769226,0.17452207207679749,0,0.042207639664411545,0.9966328740119934,-0.0702943429350853,0,-0.17186976969242096,0.07655087858438492,0.9821408987045288,0,-0.8798940777778625,1.2193667888641357,-31.12525177001953,1]},{"t":0.10770000004765734,"values":[0.09776509553194046,0.05619288608431816,0.04504036530852318,0.09784317016601562,0.1418786197900772,0.3158864676952362,0.007329273968935013,0.11846789717674255,0.07323069870471954,0.06835730373859406,0.07823266088962555,0.11597829312086105,0.1651051640510559,0.006148025393486023,0.000009698492249299306,0.0011281438637524843,0.0006076220888644457,0.010221055708825588,0.0018462418811395764,0.002473548986017704,0.8169248104095459,0.0005636637797579169,0.024374745786190033,8.196784619940445e-7,7.342487720052304e-7,0.000043290168832754716,0.000045871740439906716,0.0008503111312165856,0.003960889298468828,0.000027721705919248052,0.00010795963316923007,0.07390882074832916,0.031092779710888863,0.006847923155874014,0.04725731536746025,0.0029886187985539436,0.0036808932200074196,0.00027688921545632184,0.00013498014595825225,0.0000063315851548395585,0.000008458958291157614,0.033236291259527206,0.016370536759495735,0.011419938877224922,0.15534727275371552,0.16565877199172974,0.000004623181212082272,1.6400854008224997e-7,1.8172831062202022e-7,0.0000018039352198684355,1.7557314890837006e-7],"faceMatrix":[0.9842383861541748,-0.02928842231631279,0.1744040697813034,0,0.04218384623527527,0.9966051578521729,-0.07069774717092514,0,-0.17174141108989716,0.07694046944379807,0.9821327328681946,0,-0.8852516412734985,1.2194477319717407,-31.11857795715332,1]},{"t":0.1157000000476387,"values":[0.09793363511562347,0.05483856797218323,0.04561309143900871,0.09742719680070877,0.14501650631427765,0.31344932317733765,0.007333315908908844,0.11915922164916992,0.07157731801271439,0.06701888144016266,0.08010505139827728,0.11867798864841461,0.16433270275592804,0.006132844369858503,0.000009688702448329423,0.0011191238882020116,0.0006265861447900534,0.010344688780605793,0.0018670851131901145,0.002479208866134286,0.8211584091186523,0.0005664541386067867,0.02483251690864563,7.966917223711789e-7,7.133801886993751e-7,0.00004223219002597034,0.000044797379814554006,0.0008440798847004771,0.003940872848033905,0.000027221854907111265,0.00010666833259165287,0.07435941696166992,0.032121993601322174,0.006790879648178816,0.04677993431687355,0.0029452538583427668,0.0036378493532538414,0.0002792260784190148,0.00013532399316318333,0.00000625333450443577,0.000008347607035830151,0.033963169902563095,0.01681455969810486,0.011224275454878807,0.1532679796218872,0.16326595842838287,0.000004648207777790958,1.640678277681218e-7,1.817510195678551e-7,0.000001814596657823131,1.7556544662511442e-7],"faceMatrix":[0.9842573404312134,-0.02936888486146927,0.17428311705589294,0,0.042207032442092896,0.9966240525245667,-0.0704190582036972,0,-0.17162668704986572,0.07666642218828201,0.9821745157241821,0,-0.8889932632446289,1.2226585149765015,-31.11760139465332,1]},{"t":0.12420000004766507,"values":[0.09688360244035721,0.05454421415925026,0.047798171639442444,0.09427892416715622,0.145353764295578,0.3075494170188904,0.00736878952011466,0.11831685900688171,0.07106372714042664,0.06431098282337189,0.08290637284517288,0.11931624263525009,0.16235147416591644,0.006205642595887184,0.000009584935469320044,0.001135767437517643,0.0006241305381990969,0.01037078071385622,0.0018717643106356263,0.002465846249833703,0.8245164752006531,0.0005549350753426552,0.025660114362835884,7.737857572465145e-7,7.035060889393208e-7,0.00004172474655206315,0.00004440112388692796,0.0008250801474787295,0.00398480286821723,0.000026432246158947237,0.0001075472027878277,0.07454840838909149,0.0326836034655571,0.006789809558540583,0.046750012785196304,0.0028458526358008385,0.0036222292110323906,0.0002788743586279452,0.00013444115757010877,0.000006280263733060565,0.000008380182407563552,0.035282839089632034,0.017289167270064354,0.011008446104824543,0.15208597481250763,0.16090553998947144,0.000004607371010934003,1.6296425542350335e-7,1.8093058429258235e-7,0.0000018136711332772393,1.7489531956016435e-7],"faceMatrix":[0.9841622710227966,-0.029407432302832603,0.17481468617916107,0,0.042239587754011154,0.9966423511505127,-0.07014236599206924,0,-0.17216497659683228,0.07641559094190598,0.982099711894989,0,-0.890454113483429,1.225725531578064,-31.111164093017578,1]},{"t":0.1331000000238305,"values":[0.09651266783475876,0.05505221337080002,0.046564120799303055,0.09626049548387527,0.14441969990730286,0.30412375926971436,0.007382201962172985,0.11969432234764099,0.07175694406032562,0.0656425878405571,0.08178882300853729,0.11826235055923462,0.16151995956897736,0.006191094405949116,0.00000965205344982678,0.0011168787023052573,0.0006358508835546672,0.010237730108201504,0.0018426637398079038,0.0025073206052184105,0.8262034058570862,0.0005288337706588209,0.02719377726316452,7.690935035498114e-7,7.044876610962092e-7,0.00004119950972381048,0.00004378327867016196,0.0008144492167048156,0.004018764011561871,0.000026133680876228027,0.00010853820276679471,0.07343154400587082,0.03261268138885498,0.006693417672067881,0.046245768666267395,0.002832956612110138,0.003621269017457962,0.00027927933842875063,0.0001350767124677077,0.000006269492132560117,0.000008300128683913499,0.03618008643388748,0.017680848017334938,0.010915204882621765,0.15012149512767792,0.15974661707878113,0.000004574582362693036,1.6222986687353114e-7,1.8151214931094728e-7,0.000001830427095228515,1.749755682567411e-7],"faceMatrix":[0.9840032458305359,-0.0293049868196249,0.17572438716888428,0,0.04224162921309471,0.9966288805007935,-0.07033567875623703,0,-0.17307083308696747,0.07663337886333466,0.9819239974021912,0,-0.8945912718772888,1.2269418239593506,-31.10321044921875,1]},{"t":0.14120000004766098,"values":[0.0951755940914154,0.054935578256845474,0.046103496104478836,0.09709663689136505,0.14491692185401917,0.3038909435272217,0.007538584526628256,0.11764286458492279,0.07157514244318008,0.0662505105137825,0.08133342862129211,0.11855632811784744,0.15937919914722443,0.006284140050411224,0.00000969744723988697,0.0011263242922723293,0.000629927555564791,0.010170407593250275,0.0018108434742316604,0.0024789271410554647,0.8276426792144775,0.0005388929275795817,0.02699027769267559,7.687444281145872e-7,7.026632715678716e-7,0.00003963349081459455,0.0000418261370214168,0.0008186614722944796,0.004099969752132893,0.00002574742575234268,0.00010504121019039303,0.07244601100683212,0.032556239515542984,0.00668526254594326,0.04548344761133194,0.0027631509583443403,0.003542451187968254,0.000281992630334571,0.0001358877489110455,0.000006326201400952414,0.000008407447239733301,0.03576282411813736,0.01764102280139923,0.010999384336173534,0.14910662174224854,0.16042444109916687,0.000004585751412378158,1.5926191565540648e-7,1.7971957788631698e-7,0.0000018335176719119772,1.7217264769442409e-7],"faceMatrix":[0.9840149879455566,-0.029298635199666023,0.17565864324569702,0,0.04209430143237114,0.996688723564148,-0.06956563144922256,0,-0.17303884029388428,0.07584784924983978,0.9819902777671814,0,-0.8992208242416382,1.2309725284576416,-31.102977752685547,1]},{"t":0.1490000000000009,"values":[0.09362243115901947,0.054971739649772644,0.046718258410692215,0.0962362065911293,0.14476072788238525,0.3018210530281067,0.007693954277783632,0.11617136001586914,0.07163326442241669,0.06535311043262482,0.08239642530679703,0.11830975860357285,0.15779061615467072,0.006363675929605961,0.000009648942068452016,0.0011153281666338444,0.000628745649009943,0.010039702989161015,0.0017816696781665087,0.002473291475325823,0.8286440968513489,0.0005470382748171687,0.02688710205256939,7.689893095630396e-7,7.058084179334401e-7,0.00003889040817739442,0.000040851551602827385,0.0008138976409099996,0.004152635578066111,0.0000256355542660458,0.0001038803457049653,0.07140029221773148,0.03228225186467171,0.006716050673276186,0.045540906488895416,0.002736226189881563,0.003544584382325411,0.00028011828544549644,0.00013456311717163771,0.000006406127340596868,0.00000856753013067646,0.03604936972260475,0.01780921034514904,0.010985604487359524,0.14789342880249023,0.16005225479602814,0.000004555318355414784,1.5765630223540938e-7,1.7835621690664993e-7,0.0000018327415318708518,1.7038290422988212e-7],"faceMatrix":[0.9840754270553589,-0.029302898794412613,0.17532174289226532,0,0.04194562882184982,0.9967457056045532,-0.06884554028511047,0,-0.17273373901844025,0.07510321587324142,0.982101559638977,0,-0.9021633863449097,1.2339855432510376,-31.10114860534668,1]},{"t":0.15799999999995862,"values":[0.09282089024782181,0.05514296144247055,0.04705255851149559,0.09574094414710999,0.14405032992362976,0.2998102903366089,0.007735549472272396,0.11518637835979462,0.07170309126377106,0.06495243310928345,0.0827375128865242,0.11810627579689026,0.15554310381412506,0.0064116837456822395,0.000009707579920359422,0.0010884698713198304,0.0006270392914302647,0.009813870303332806,0.0017347725806757808,0.0024204303044825792,0.8206241130828857,0.0005150840152055025,0.027972862124443054,8.186144668798079e-7,7.472161200894334e-7,0.00004128316504647955,0.00004318160790717229,0.0008109199116006494,0.004060775972902775,0.00002735540874709841,0.0001080155634554103,0.06968097388744354,0.03095114789903164,0.006785970646888018,0.045790787786245346,0.0028755986131727695,0.003593581961467862,0.0002792172890622169,0.00013525740359909832,0.000006470640983025078,0.000008586293915868737,0.03600355237722397,0.017855124548077583,0.011021239683032036,0.14694766700267792,0.15977272391319275,0.000004552829977910733,1.5851308887704363e-7,1.8037411564364447e-7,0.0000018638944538906799,1.727176623944615e-7],"faceMatrix":[0.984018087387085,-0.02940431609749794,0.1756216436624527,0,0.04204878211021423,0.996749222278595,-0.0687161535024643,0,-0.17303025722503662,0.07500264793634415,0.9820562601089478,0,-0.9066283702850342,1.2348339557647705,-31.098472595214844,1]},{"t":0.1661000000237891,"values":[0.09023021161556244,0.05500369891524315,0.04616638645529747,0.0969105213880539,0.14432646334171295,0.2982780635356903,0.007965554483234882,0.11388390511274338,0.07160009443759918,0.06619594991207123,0.08122741430997849,0.11838556081056595,0.15442097187042236,0.006502202246338129,0.000009695634616946336,0.0010686099994927645,0.0006188195548020303,0.00969481561332941,0.0017152773216366768,0.002378540113568306,0.8153281807899475,0.0004954580217599869,0.028823036700487137,8.490896448165586e-7,7.727393267487059e-7,0.00004222200368531048,0.00004398247256176546,0.0008057848317548633,0.0040428899228572845,0.000028323958758846857,0.00010906349052675068,0.06864121556282043,0.03021627850830555,0.006808091886341572,0.04605370759963989,0.0029286041390150785,0.0036184657365083694,0.00027554063126444817,0.0001343035401077941,0.000006613205641770037,0.000008770316526351962,0.03605520725250244,0.017948893830180168,0.010983026586472988,0.14546354115009308,0.1596553474664688,0.000004560808520182036,1.581766326808065e-7,1.7988864442486374e-7,0.000001863091142695339,1.7243128525024076e-7],"faceMatrix":[0.9840676188468933,-0.029308220371603966,0.17536261677742004,0,0.041910041123628616,0.9967639446258545,-0.06859470158815384,0,-0.17278477549552917,0.07485127449035645,0.9821115136146545,0,-0.9079662561416626,1.2351882457733154,-31.088077545166016,1]},{"t":0.17460000002381548,"values":[0.08954797685146332,0.05494726449251175,0.04313631355762482,0.10133213549852371,0.144173264503479,0.2959706485271454,0.008028291165828705,0.11310450732707977,0.07135465741157532,0.07121592015028,0.0759587213397026,0.1187376007437706,0.1515006422996521,0.006494105327874422,0.000009691669220046606,0.0010673616779968143,0.0006063279579393566,0.009619586169719696,0.0017110791523009539,0.0023303660564124584,0.80958092212677,0.0004729810752905905,0.02987625077366829,8.802575734989659e-7,8.068627721513622e-7,0.00004311494922148995,0.000044769061787519604,0.0007923718076199293,0.004062321037054062,0.00002928005051217042,0.00011099365656264126,0.06768269836902618,0.029577506706118584,0.006848066113889217,0.04620330408215523,0.0029787805397063494,0.0036909340415149927,0.00027225841768085957,0.00013299740385264158,0.000006639132607233478,0.000008814850843918975,0.0364060178399086,0.0180373378098011,0.010941955260932446,0.14353367686271667,0.15894962847232819,0.000004564267783280229,1.5586428503411298e-7,1.7999160206727538e-7,0.0000018778646335704252,1.7129528373516223e-7],"faceMatrix":[0.984022855758667,-0.029202114790678024,0.17563122510910034,0,0.041867807507514954,0.9967483282089233,-0.06884729862213135,0,-0.1730496734380722,0.07510055601596832,0.9820459485054016,0,-0.9090027213096619,1.233515739440918,-31.077566146850586,1]},{"t":0.18230000001187818,"values":[0.08890984207391739,0.054686132818460464,0.04107283800840378,0.10455194860696793,0.14453381299972534,0.2946227490901947,0.008087825030088425,0.11234353482723236,0.0708601102232933,0.07506651431322098,0.0722770020365715,0.11943810433149338,0.14920294284820557,0.006481666583567858,0.000009697160749055911,0.0010702696163207293,0.0005914329085499048,0.009545945562422276,0.0017045787535607815,0.0022815216798335314,0.8035631775856018,0.00047090856241993606,0.029619187116622925,9.176164326163416e-7,8.423277222391334e-7,0.0000443089084001258,0.00004577381696435623,0.0007820272003300488,0.004055236931890249,0.00003049681799893733,0.00011240192543482408,0.06672994792461395,0.028750980272889137,0.006940336432307959,0.046491291373968124,0.0030314254108816385,0.0037538139149546623,0.0002690593828447163,0.000131571403471753,0.000006676689281448489,0.000008892758160072844,0.036016833037137985,0.017904676496982574,0.010981560684740543,0.14292477071285248,0.15944358706474304,0.000004566148618323496,1.5429394295551901e-7,1.7991025913488556e-7,0.0000018883436041505774,1.7026449938839505e-7],"faceMatrix":[0.9840086102485657,-0.029219992458820343,0.17570717632770538,0,0.04186880961060524,0.996756911277771,-0.06871690601110458,0,-0.17312951385974884,0.07497456669807434,0.9820415377616882,0,-0.9105415940284729,1.2334891557693481,-31.07280731201172,1]},{"t":0.19149999999996226,"values":[0.08814578503370285,0.05469276010990143,0.03999622166156769,0.10654960572719574,0.14447379112243652,0.2941332161426544,0.008114109747111797,0.11207999289035797,0.07101204991340637,0.07679206877946854,0.07089618593454361,0.11935273557901382,0.1482611447572708,0.006522016599774361,0.00000969613392953761,0.0010692953364923596,0.0005877552321180701,0.0095220310613513,0.0017073249910026789,0.0022510532289743423,0.7983476519584656,0.00045258691534399986,0.030694499611854553,9.493956554251781e-7,8.690934123478655e-7,0.00004513713429332711,0.00004640734914573841,0.0007785406778566539,0.004066020250320435,0.000031398318242281675,0.00011311717389617115,0.06634262204170227,0.028608575463294983,0.006955733988434076,0.04670892655849457,0.0030982003081589937,0.0037841687444597483,0.00026609297492541373,0.00013037001190241426,0.000006641892923653359,0.00000880928746482823,0.036043934524059296,0.017956964671611786,0.011015628464519978,0.1416846662759781,0.15896476805210114,0.000004578248535835883,1.547484203001659e-7,1.8056171313673985e-7,0.0000018866838900066796,1.712689794430844e-7],"faceMatrix":[0.9839324951171875,-0.029264234006404877,0.17612457275390625,0,0.04194435104727745,0.9967545866966248,-0.06870797276496887,0,-0.1735423505306244,0.07499145716428757,0.9819671511650085,0,-0.9135953783988953,1.2331750392913818,-31.069271087646484,1]},{"t":0.19950000000000045,"values":[0.08771336078643799,0.05457912012934685,0.03624684363603592,0.11373481154441833,0.14443227648735046,0.29190322756767273,0.008144631050527096,0.11115812510251999,0.07072190195322037,0.08431331813335419,0.06516416370868683,0.11980920284986496,0.14580956101417542,0.006532291881740093,0.000009740750101627782,0.0010598433436825871,0.0005791967269033194,0.009357591159641743,0.0016750289360061288,0.0022122040390968323,0.7922700643539429,0.00042755863978527486,0.032132282853126526,9.874308943835786e-7,9.115006491811073e-7,0.00004605294452630915,0.00004728949352283962,0.0007673403015360236,0.004103226587176323,0.00003225111504434608,0.00011542618449311703,0.06491519510746002,0.027865776792168617,0.007011837791651487,0.046765830367803574,0.003137995023280382,0.00384718831628561,0.00026405774406157434,0.0001295049296459183,0.000006684124400635483,0.00000887321584741585,0.036563120782375336,0.018034912645816803,0.010996070690453053,0.13950033485889435,0.15901996195316315,0.000004574769718601601,1.5259207941653585e-7,1.809782190775877e-7,0.000001912992956931703,1.7109348959820636e-7],"faceMatrix":[0.9838736653327942,-0.028924887999892235,0.17650915682315826,0,0.04169446974992752,0.9967396259307861,-0.0690702423453331,0,-0.17393586039543152,0.07531585544347763,0.9818722009658813,0,-0.9137343764305115,1.231406331062317,-31.060171127319336,1]},{"t":0.20770000004768008,"values":[0.08703964948654175,0.054348837584257126,0.034049730747938156,0.11841118335723877,0.144619420170784,0.29065343737602234,0.008191131055355072,0.11019285023212433,0.0704386830329895,0.08923466503620148,0.061879608780145645,0.12014920264482498,0.1439720094203949,0.006550617981702089,0.00000975581042439444,0.0010698032565414906,0.0005645450437441468,0.00931929238140583,0.0016760332509875298,0.0021830094046890736,0.7867279052734375,0.00043200363870710135,0.031406331807374954,0.0000010258473821522784,9.495921062807611e-7,0.0000468611360702198,0.000047819718020036817,0.0007582518737763166,0.0041378880850970745,0.00003330274921609089,0.00011538469698280096,0.0642392635345459,0.027319183573126793,0.007072439417243004,0.04697233811020851,0.0031613458413630724,0.003905173856765032,0.0002613706747069955,0.00012769133900292218,0.000006692307579214685,0.000008948182767198887,0.036509014666080475,0.01798768900334835,0.011004283092916012,0.13907742500305176,0.15938304364681244,0.000004578152584144846,1.508623768131656e-7,1.8057308182051202e-7,0.0000019044267673962167,1.703328678104299e-7],"faceMatrix":[0.9838153719902039,-0.028877761214971542,0.17684325575828552,0,0.041683364659547806,0.996736466884613,-0.0691303014755249,0,-0.17426984012126923,0.07538287341594696,0.9818084239959717,0,-0.9156147241592407,1.2307329177856445,-31.056489944458008,1]},{"t":0.21599999999995134,"values":[0.08650263398885727,0.054119594395160675,0.03238475322723389,0.12234097719192505,0.14499667286872864,0.2895742654800415,0.008253807201981544,0.10942541807889938,0.07011181861162186,0.09370537102222443,0.05914047360420227,0.12067203968763351,0.14244191348552704,0.006551775150001049,0.00000976570572674973,0.0010728401830419898,0.0005549954366870224,0.009318315424025059,0.001687355455942452,0.002164835575968027,0.7839285135269165,0.00043614496826194227,0.030905142426490784,0.0000010455946721776854,9.78288312580844e-7,0.000047180397814372554,0.000048286205128533766,0.0007534774485975504,0.004161471035331488,0.00003348771497257985,0.00011751375132007524,0.06403890997171402,0.02696125954389572,0.007145342417061329,0.04730019345879555,0.0031638036016374826,0.003970487043261528,0.00025958826881833375,0.0001264886959688738,0.000006728233984176768,0.000009083324584935326,0.0364677868783474,0.017929403111338615,0.01100999303162098,0.13883467018604279,0.15961889922618866,0.0000045802398744854145,1.4942877157864132e-7,1.8087141029354825e-7,0.0000019053387632084196,1.6980850148229365e-7],"faceMatrix":[0.9838041663169861,-0.0288366861641407,0.1769111305475235,0,0.04167455807328224,0.9967257380485535,-0.0692853108048439,0,-0.17433398962020874,0.0755358636379242,0.9817851185798645,0,-0.9167508482933044,1.2299144268035889,-31.053987503051758,1]},{"t":0.2243000000119082,"values":[0.0863267183303833,0.053936220705509186,0.03261163830757141,0.1216595396399498,0.14542672038078308,0.2898574471473694,0.008242378011345863,0.10902867466211319,0.06991564482450485,0.09325525909662247,0.05931347608566284,0.12104278057813644,0.14160534739494324,0.006569500081241131,0.000009730703823151998,0.0010825558565557003,0.0005434582708403468,0.00925354938954115,0.0016888355603441596,0.0021210333798080683,0.7781786918640137,0.00043140584602952003,0.030987953767180443,0.0000010935940508716158,0.0000010141908433070057,0.00004824772622669116,0.0000486750177515205,0.0007469477131962776,0.004172841086983681,0.00003518870289553888,0.00011597284901654348,0.06333566457033157,0.02639632858335972,0.007161313202232122,0.04766393452882767,0.003220766084268689,0.003976624459028244,0.00025552845909260213,0.0001242265570908785,0.000006757569281035103,0.000009069379302673042,0.03628881648182869,0.017930317670106888,0.010983580723404884,0.13790595531463623,0.15952986478805542,0.000004578056177706458,1.491508498929761e-7,1.797202600073433e-7,0.0000018879078425015905,1.6881546116565005e-7],"faceMatrix":[0.983722984790802,-0.028922591358423233,0.17734965682029724,0,0.041793059557676315,0.9967225790023804,-0.06926983594894409,0,-0.17476491630077362,0.07555428147315979,0.9817074537277222,0,-0.9181072115898132,1.2294095754623413,-31.047786712646484,1]},{"t":0.23299999999994725,"values":[0.08580023795366287,0.05395631119608879,0.031888917088508606,0.12352796643972397,0.14538361132144928,0.2912420630455017,0.008299059234559536,0.10825913399457932,0.07010193914175034,0.0943768173456192,0.05880076438188553,0.12080595642328262,0.14098353683948517,0.006613860372453928,0.000009762278750713449,0.0010681449202820659,0.0005398383946157992,0.009205889888107777,0.0016889463877305388,0.0021040895953774452,0.7742345333099365,0.0004264329618308693,0.031270455569028854,0.000001125996163864329,0.000001043123688759806,0.00004932719821226783,0.00004927482586936094,0.0007355126435868442,0.004214126616716385,0.00003626103716669604,0.00011534355144249275,0.06301788985729218,0.025784185156226158,0.00721613597124815,0.04820697009563446,0.003234419273212552,0.0040147737599909306,0.0002542346774134785,0.00012321185204200447,0.000006908846444275696,0.000009274619515053928,0.03622179105877876,0.017948152497410774,0.0109743382781744,0.1375826597213745,0.15974661707878113,0.000004596355211106129,1.5042606094084476e-7,1.7897828286095319e-7,0.0000018713304825723753,1.6939345925948146e-7],"faceMatrix":[0.983741819858551,-0.028965966776013374,0.17723348736763,0,0.0418330542743206,0.9967178106307983,-0.06929866969585419,0,-0.17464463412761688,0.07558620721101761,0.9817256331443787,0,-0.9198408722877502,1.2291303873062134,-31.046079635620117,1]},{"t":0.24090000003576506,"values":[0.08578430861234665,0.05395369604229927,0.03159554675221443,0.12431221455335617,0.14549952745437622,0.2910747826099396,0.00830089207738638,0.10793525725603104,0.07007911056280136,0.09538320451974869,0.058115918189287186,0.12091982364654541,0.14041772484779358,0.006627306807786226,0.000009715035048429854,0.0010588921140879393,0.0005448806914500892,0.00921283