{"version":3,"fps":30,"names":["eyeBlinkLeft","eyeLookDownLeft","eyeLookInLeft","eyeLookOutLeft","eyeLookUpLeft","eyeSquintLeft","eyeWideLeft","eyeBlinkRight","eyeLookDownRight","eyeLookInRight","eyeLookOutRight","eyeLookUpRight","eyeSquintRight","eyeWideRight","jawForward","jawLeft","jawRight","jawOpen","mouthClose","mouthFunnel","mouthPucker","mouthLeft","mouthRight","mouthSmileLeft","mouthSmileRight","mouthFrownLeft","mouthFrownRight","mouthDimpleLeft","mouthDimpleRight","mouthStretchLeft","mouthStretchRight","mouthRollLower","mouthRollUpper","mouthShrugUpper","mouthShrugLower","mouthPressLeft","mouthPressRight","mouthLowerDownLeft","mouthLowerDownRight","mouthUpperUpLeft","mouthUpperUpRight","browDownLeft","browDownRight","browInnerUp","browOuterUpLeft","browOuterUpRight","cheekPuff","cheekSquintLeft","cheekSquintRight","noseSneerLeft","noseSneerRight"],"frames":[{"t":0.008499999999997954,"values":[0.4070829153060913,0.20724189281463623,0.051649946719408035,0.09791027754545212,0.0955229252576828,0.46916112303733826,0.003065370488911867,0.5257755517959595,0.23044809699058533,0.08007188141345978,0.08958164602518082,0.052142735570669174,0.4461527168750763,0.000736153160687536,0.000023215201508719474,0.043450359255075455,0.00007341385935433209,0.03493242710828781,0.007955127395689487,0.011037456803023815,0.9854329228401184,0.003950244281440973,0.0031443003099411726,6.504072302959685e-8,5.799226343583541e-8,0.000015630961570423096,0.00001280201740883058,0.001827094005420804,0.015029345639050007,0.000005396991127781803,0.00000924669348023599,0.5088071823120117,0.37932080030441284,0.006090226117521524,0.054127395153045654,0.0008664209162816405,0.007608151528984308,0.0019836777355521917,0.0012326280120760202,0.000001956174628503504,0.000005147333467903081,0.08012158423662186,0.16229939460754395,0.00600220775231719,0.03669576346874237,0.010572589002549648,0.000012284459444344975,1.7740099167440349e-7,1.192513963133024e-7,3.878666632317618e-7,6.644774686037636e-8],"faceMatrix":[0.9942586421966553,-0.03506358712911606,-0.10109961032867432,0,0.052370935678482056,0.9833545684814453,0.1739891618490219,0,0.09331602603197098,-0.17828485369682312,0.9795445203781128,0,5.856327056884766,-29.52089500427246,-63.096614837646484,1]},{"t":0.018499999999995964,"values":[0.4070829153060913,0.20724189281463623,0.051649946719408035,0.09791027754545212,0.0955229252576828,0.46916112303733826,0.003065370488911867,0.5257755517959595,0.23044809699058533,0.08007188141345978,0.08958164602518082,0.052142735570669174,0.4461527168750763,0.000736153160687536,0.000023215201508719474,0.043450359255075455,0.00007341385935433209,0.03493242710828781,0.007955127395689487,0.011037456803023815,0.9854329228401184,0.003950244281440973,0.0031443003099411726,6.504072302959685e-8,5.799226343583541e-8,0.000015630961570423096,0.00001280201740883058,0.001827094005420804,0.015029345639050007,0.000005396991127781803,0.00000924669348023599,0.5088071823120117,0.37932080030441284,0.006090226117521524,0.054127395153045654,0.0008664209162816405,0.007608151528984308,0.0019836777355521917,0.0012326280120760202,0.000001956174628503504,0.000005147333467903081,0.08012158423662186,0.16229939460754395,0.00600220775231719,0.03669576346874237,0.010572589002549648,0.000012284459444344975,1.7740099167440349e-7,1.192513963133024e-7,3.878666632317618e-7,6.644774686037636e-8],"faceMatrix":[0.9942586421966553,-0.03506358712911606,-0.10109961032867432,0,0.052370935678482056,0.9833545684814453,0.1739891618490219,0,0.09331602603197098,-0.17828485369682312,0.9795445203781128,0,5.856327056884766,-29.52089500427246,-63.096614837646484,1]},{"t":0.030300000011919792,"values":[0.4070829153060913,0.20724189281463623,0.051649946719408035,0.09791027754545212,0.0955229252576828,0.46916112303733826,0.003065370488911867,0.5257755517959595,0.23044809699058533,0.08007188141345978,0.08958164602518082,0.052142735570669174,0.4461527168750763,0.000736153160687536,0.000023215201508719474,0.043450359255075455,0.00007341385935433209,0.03493242710828781,0.007955127395689487,0.011037456803023815,0.9854329228401184,0.003950244281440973,0.0031443003099411726,6.504072302959685e-8,5.799226343583541e-8,0.000015630961570423096,0.00001280201740883058,0.001827094005420804,0.015029345639050007,0.000005396991127781803,0.00000924669348023599,0.5088071823120117,0.37932080030441284,0.006090226117521524,0.054127395153045654,0.0008664209162816405,0.007608151528984308,0.0019836777355521917,0.0012326280120760202,0.000001956174628503504,0.000005147333467903081,0.08012158423662186,0.16229939460754395,0.00600220775231719,0.03669576346874237,0.010572589002549648,0.000012284459444344975,1.7740099167440349e-7,1.192513963133024e-7,3.878666632317618e-7,6.644774686037636e-8],"faceMatrix":[0.9942586421966553,-0.03506358712911606,-0.10109961032867432,0,0.052370935678482056,0.9833545684814453,0.1739891618490219,0,0.09331602603197098,-0.17828485369682312,0.9795445203781128,0,5.856327056884766,-29.52089500427246,-63.096614837646484,1]},{"t":0.03999999999999915,"values":[0.44874635338783264,0.27621689438819885,0.04347588121891022,0.11057053506374359,0.07057210057973862,0.48142382502555847,0.0026715409476310015,0.5347040891647339,0.30116763710975647,0.0886734127998352,0.07936704903841019,0.03533375635743141,0.38802456855773926,0.0006075483979657292,0.000021734302208642475,0.03248559311032295,0.00007109705620678142,0.027422206476330757,0.005779920611530542,0.008794773370027542,0.9693836569786072,0.0029923294205218554,0.004449008498340845,1.465760135488381e-7,1.1568828739427772e-7,0.00001288007388211554,0.00000975847251538653,0.0019015570869669318,0.01838895119726658,0.000008561044523958117,0.000008429606168647297,0.4186955988407135,0.3055006265640259,0.007277169264853001,0.06045468524098396,0.001332657178863883,0.00810911413282156,0.0013041229685768485,0.0008255574502982199,0.0000029074842586851446,0.000007516389814554714,0.09236672520637512,0.2035776823759079,0.005513528827577829,0.02940724417567253,0.007961026392877102,0.000011657117283903062,1.4429447503516712e-7,1.0372623648891022e-7,3.775896857405314e-7,6.148930253857543e-8],"faceMatrix":[0.9946991801261902,-0.031990889459848404,-0.09772743284702301,0,0.04870138317346573,0.9835904836654663,0.1737203150987625,0,0.09056632965803146,-0.1775587946176529,0.9799342155456543,0,5.855905532836914,-29.358020782470703,-62.907188415527344,1]},{"t":0.05030000001191581,"values":[0.44874635338783264,0.27621689438819885,0.04347588121891022,0.11057053506374359,0.07057210057973862,0.48142382502555847,0.0026715409476310015,0.5347040891647339,0.30116763710975647,0.0886734127998352,0.07936704903841019,0.03533375635743141,0.38802456855773926,0.0006075483979657292,0.000021734302208642475,0.03248559311032295,0.00007109705620678142,0.027422206476330757,0.005779920611530542,0.008794773370027542,0.9693836569786072,0.0029923294205218554,0.004449008498340845,1.465760135488381e-7,1.1568828739427772e-7,0.00001288007388211554,0.00000975847251538653,0.0019015570869669318,0.01838895119726658,0.000008561044523958117,0.000008429606168647297,0.4186955988407135,0.3055006265640259,0.007277169264853001,0.06045468524098396,0.001332657178863883,0.00810911413282156,0.0013041229685768485,0.0008255574502982199,0.0000029074842586851446,0.000007516389814554714,0.09236672520637512,0.2035776823759079,0.005513528827577829,0.02940724417567253,0.007961026392877102,0.000011657117283903062,1.4429447503516712e-7,1.0372623648891022e-7,3.775896857405314e-7,6.148930253857543e-8],"faceMatrix":[0.9946991801261902,-0.031990889459848404,-0.09772743284702301,0,0.04870138317346573,0.9835904836654663,0.1737203150987625,0,0.09056632965803146,-0.1775587946176529,0.9799342155456543,0,5.855905532836914,-29.358020782470703,-62.907188415527344,1]},{"t":0.0601999999880789,"values":[0.44874635338783264,0.27621689438819885,0.04347588121891022,0.11057053506374359,0.07057210057973862,0.48142382502555847,0.0026715409476310015,0.5347040891647339,0.30116763710975647,0.0886734127998352,0.07936704903841019,0.03533375635743141,0.38802456855773926,0.0006075483979657292,0.000021734302208642475,0.03248559311032295,0.00007109705620678142,0.027422206476330757,0.005779920611530542,0.008794773370027542,0.9693836569786072,0.0029923294205218554,0.004449008498340845,1.465760135488381e-7,1.1568828739427772e-7,0.00001288007388211554,0.00000975847251538653,0.0019015570869669318,0.01838895119726658,0.000008561044523958117,0.000008429606168647297,0.4186955988407135,0.3055006265640259,0.007277169264853001,0.06045468524098396,0.001332657178863883,0.00810911413282156,0.0013041229685768485,0.0008255574502982199,0.0000029074842586851446,0.000007516389814554714,0.09236672520637512,0.2035776823759079,0.005513528827577829,0.02940724417567253,0.007961026392877102,0.000011657117283903062,1.4429447503516712e-7,1.0372623648891022e-7,3.775896857405314e-7,6.148930253857543e-8],"faceMatrix":[0.9946991801261902,-0.031990889459848404,-0.09772743284702301,0,0.04870138317346573,0.9835904836654663,0.1737203150987625,0,0.09056632965803146,-0.1775587946176529,0.9799342155456543,0,5.855905532836914,-29.358020782470703,-62.907188415527344,1]},{"t":0.06989999997615826,"values":[0.40889787673950195,0.2691957354545593,0.040532488375902176,0.11906698346138,0.07580279558897018,0.505150318145752,0.0034343297593295574,0.5536724328994751,0.31499844789505005,0.09481459856033325,0.07740762084722519,0.03245791047811508,0.4131801426410675,0.000609588110819459,0.000022790109142079018,0.04415111616253853,0.0000860858999658376,0.04289311170578003,0.011141455732285976,0.010722439736127853,0.987016499042511,0.004566197749227285,0.0027756288181990385,4.944735465528538e-8,3.7093602855975405e-8,0.000014869148799334653,0.000013853202290192712,0.001655731932260096,0.007437748368829489,0.000004988728960597655,0.000009578036952007096,0.5196613669395447,0.4498499631881714,0.0042875236831605434,0.05056775361299515,0.0010052984580397606,0.00599301140755415,0.0016517749754711986,0.001169894589111209,0.000001530807935523626,0.0000034305562621739227,0.08663728088140488,0.23815077543258667,0.005608574021607637,0.029514053836464882,0.00701009901240468,0.000013480311281455215,1.424760824875193e-7,1.3245384877791366e-7,3.9854040778664057e-7,6.858828527356309e-8],"faceMatrix":[0.9943156838417053,-0.03666897863149643,-0.09996537864208221,0,0.05293416976928711,0.9848291873931885,0.16526015102863312,0,0.09238895028829575,-0.16961227357387543,0.9811713695526123,0,5.736985683441162,-29.089330673217773,-62.1710205078125,1]},{"t":0.08060000002384271,"values":[0.40889787673950195,0.2691957354545593,0.040532488375902176,0.11906698346138,0.07580279558897018,0.505150318145752,0.0034343297593295574,0.5536724328994751,0.31499844789505005,0.09481459856033325,0.07740762084722519,0.03245791047811508,0.4131801426410675,0.000609588110819459,0.000022790109142079018,0.04415111616253853,0.0000860858999658376,0.04289311170578003,0.011141455732285976,0.010722439736127853,0.987016499042511,0.004566197749227285,0.0027756288181990385,4.944735465528538e-8,3.7093602855975405e-8,0.000014869148799334653,0.000013853202290192712,0.001655731932260096,0.007437748368829489,0.000004988728960597655,0.000009578036952007096,0.5196613669395447,0.4498499631881714,0.0042875236831605434,0.05056775361299515,0.0010052984580397606,0.00599301140755415,0.0016517749754711986,0.001169894589111209,0.000001530807935523626,0.0000034305562621739227,0.08663728088140488,0.23815077543258667,0.005608574021607637,0.029514053836464882,0.00701009901240468,0.000013480311281455215,1.424760824875193e-7,1.3245384877791366e-7,3.9854040778664057e-7,6.858828527356309e-8],"faceMatrix":[0.9943156838417053,-0.03666897863149643,-0.09996537864208221,0,0.05293416976928711,0.9848291873931885,0.16526015102863312,0,0.09238895028829575,-0.16961227357387543,0.9811713695526123,0,5.736985683441162,-29.089330673217773,-62.1710205078125,1]},{"t":0.09019999998808004,"values":[0.40889787673950195,0.2691957354545593,0.040532488375902176,0.11906698346138,0.07580279558897018,0.505150318145752,0.0034343297593295574,0.5536724328994751,0.31499844789505005,0.09481459856033325,0.07740762084722519,0.03245791047811508,0.4131801426410675,0.000609588110819459,0.000022790109142079018,0.04415111616253853,0.0000860858999658376,0.04289311170578003,0.011141455732285976,0.010722439736127853,0.987016499042511,0.004566197749227285,0.0027756288181990385,4.944735465528538e-8,3.7093602855975405e-8,0.000014869148799334653,0.000013853202290192712,0.001655731932260096,0.007437748368829489,0.000004988728960597655,0.000009578036952007096,0.5196613669395447,0.4498499631881714,0.0042875236831605434,0.05056775361299515,0.0010052984580397606,0.00599301140755415,0.0016517749754711986,0.001169894589111209,0.000001530807935523626,0.0000034305562621739227,0.08663728088140488,0.23815077543258667,0.005608574021607637,0.029514053836464882,0.00701009901240468,0.000013480311281455215,1.424760824875193e-7,1.3245384877791366e-7,3.9854040778664057e-7,6.858828527356309e-8],"faceMatrix":[0.9943156838417053,-0.03666897863149643,-0.09996537864208221,0,0.05293416976928711,0.9848291873931885,0.16526015102863312,0,0.09238895028829575,-0.16961227357387543,0.9811713695526123,0,5.736985683441162,-29.089330673217773,-62.1710205078125,1]},{"t":0.1004999999999967,"values":[0.40889787673950195,0.2691957354545593,0.040532488375902176,0.11906698346138,0.07580279558897018,0.505150318145752,0.0034343297593295574,0.5536724328994751,0.31499844789505005,0.09481459856033325,0.07740762084722519,0.03245791047811508,0.4131801426410675,0.000609588110819459,0.000022790109142079018,0.04415111616253853,0.0000860858999658376,0.04289311170578003,0.011141455732285976,0.010722439736127853,0.987016499042511,0.004566197749227285,0.0027756288181990385,4.944735465528538e-8,3.7093602855975405e-8,0.000014869148799334653,0.000013853202290192712,0.001655731932260096,0.007437748368829489,0.000004988728960597655,0.000009578036952007096,0.5196613669395447,0.4498499631881714,0.0042875236831605434,0.05056775361299515,0.0010052984580397606,0.00599301140755415,0.0016517749754711986,0.001169894589111209,0.000001530807935523626,0.0000034305562621739227,0.08663728088140488,0.23815077543258667,0.005608574021607637,0.029514053836464882,0.00701009901240468,0.000013480311281455215,1.424760824875193e-7,1.3245384877791366e-7,3.9854040778664057e-7,6.858828527356309e-8],"faceMatrix":[0.9943156838417053,-0.03666897863149643,-0.09996537864208221,0,0.05293416976928711,0.9848291873931885,0.16526015102863312,0,0.09238895028829575,-0.16961227357387543,0.9811713695526123,0,5.736985683441162,-29.089330673217773,-62.1710205078125,1]},{"t":0.11049999999999471,"values":[0.4473041892051697,0.2415151596069336,0.03566497564315796,0.12591637670993805,0.08280310034751892,0.5224688053131104,0.0028088558465242386,0.5727367997169495,0.2744598984718323,0.10077866166830063,0.06940758228302002,0.04017909616231918,0.45338207483291626,0.0005333353183232248,0.00002227482218586374,0.03972835838794708,0.00006798683170927688,0.040125858038663864,0.010016710497438908,0.008259015157818794,0.985032320022583,0.0036442880518734455,0.003041122341528535,5.387244783605638e-8,5.4143264094363985e-8,0.000017374901290168054,0.00002011662581935525,0.0023535171058028936,0.010724715888500214,0.000002826080162776634,0.00001879713272501249,0.5426735877990723,0.43306422233581543,0.005113130435347557,0.054918479174375534,0.0007474329904653132,0.006467642728239298,0.0015434941742569208,0.0011247423244640231,0.000001471445216338907,0.000003912502961611608,0.06738132983446121,0.22220374643802643,0.006926190108060837,0.04772340878844261,0.007992137223482132,0.000011754629667848349,1.4234991851935774e-7,1.3303555590482574e-7,4.1061699107558525e-7,8.292823139299799e-8],"faceMatrix":[0.9939205646514893,-0.03807893767952919,-0.10330599546432495,0,0.05805904418230057,0.9784979820251465,0.19791674613952637,0,0.0935482606291771,-0.20271138846874237,0.9747600555419922,0,5.750629425048828,-29.03483772277832,-62.409976959228516,1]},{"t":0.12139999997615547,"values":[0.4473041892051697,0.2415151596069336,0.03566497564315796,0.12591637670993805,0.08280310034751892,0.5224688053131104,0.0028088558465242386,0.5727367997169495,0.2744598984718323,0.10077866166830063,0.06940758228302002,0.04017909616231918,0.45338207483291626,0.0005333353183232248,0.00002227482218586374,0.03972835838794708,0.00006798683170927688,0.040125858038663864,0.010016710497438908,0.008259015157818794,0.985032320022583,0.0036442880518734455,0.003041122341528535,5.387244783605638e-8,5.4143264094363985e-8,0.000017374901290168054,0.00002011662581935525,0.0023535171058028936,0.010724715888500214,0.000002826080162776634,0.00001879713272501249,0.5426735877990723,0.43306422233581543,0.005113130435347557,0.054918479174375534,0.0007474329904653132,0.006467642728239298,0.0015434941742569208,0.0011247423244640231,0.000001471445216338907,0.000003912502961611608,0.06738132983446121,0.22220374643802643,0.006926190108060837,0.04772340878844261,0.007992137223482132,0.000011754629667848349,1.4234991851935774e-7,1.3303555590482574e-7,4.1061699107558525e-7,8.292823139299799e-8],"faceMatrix":[0.9939205646514893,-0.03807893767952919,-0.10330599546432495,0,0.05805904418230057,0.9784979820251465,0.19791674613952637,0,0.0935482606291771,-0.20271138846874237,0.9747600555419922,0,5.750629425048828,-29.03483772277832,-62.409976959228516,1]},{"t":0.13160000002383754,"values":[0.4473041892051697,0.2415151596069336,0.03566497564315796,0.12591637670993805,0.08280310034751892,0.5224688053131104,0.0028088558465242386,0.5727367997169495,0.2744598984718323,0.10077866166830063,0.06940758228302002,0.04017909616231918,0.45338207483291626,0.0005333353183232248,0.00002227482218586374,0.03972835838794708,0.00006798683170927688,0.040125858038663864,0.010016710497438908,0.008259015157818794,0.985032320022583,0.0036442880518734455,0.003041122341528535,5.387244783605638e-8,5.4143264094363985e-8,0.000017374901290168054,0.00002011662581935525,0.0023535171058028936,0.010724715888500214,0.000002826080162776634,0.00001879713272501249,0.5426735877990723,0.43306422233581543,0.005113130435347557,0.054918479174375534,0.0007474329904653132,0.006467642728239298,0.0015434941742569208,0.0011247423244640231,0.000001471445216338907,0.000003912502961611608,0.06738132983446121,0.22220374643802643,0.006926190108060837,0.04772340878844261,0.007992137223482132,0.000011754629667848349,1.4234991851935774e-7,1.3303555590482574e-7,4.1061699107558525e-7,8.292823139299799e-8],"faceMatrix":[0.9939205646514893,-0.03807893767952919,-0.10330599546432495,0,0.05805904418230057,0.9784979820251465,0.19791674613952637,0,0.0935482606291771,-0.20271138846874237,0.9747600555419922,0,5.750629425048828,-29.03483772277832,-62.409976959228516,1]},{"t":0.1413000000119169,"values":[0.3993523418903351,0.2506813704967499,0.04659559205174446,0.10800600796937943,0.07749037444591522,0.47847169637680054,0.0033763423562049866,0.5196268558502197,0.2764895260334015,0.097864530980587,0.06635302305221558,0.03980351984500885,0.4155944883823395,0.0007146513089537621,0.000017641326849116012,0.07909023761749268,0.000054319963965099305,0.040004413574934006,0.00693964958190918,0.007961956784129143,0.9854385852813721,0.003548520850017667,0.004469376523047686,4.75967958379897e-8,3.183853181099039e-8,0.000011761480891436804,0.000011735175576177426,0.002857512328773737,0.009424369782209396,0.000004022978828288615,0.000007069521871017059,0.5874283313751221,0.5725541114807129,0.006704987026751041,0.061859723180532455,0.0011461284011602402,0.005566933657974005,0.0014711047988384962,0.0010207963641732931,0.0000017451920939492993,0.000003785805120060104,0.0766441598534584,0.2249465137720108,0.004539084155112505,0.03698053956031799,0.008240671828389168,0.000012253242857696023,1.409975993738044e-7,1.4339292420118e-7,5.021033757657278e-7,7.009117553025135e-8],"faceMatrix":[0.9935483336448669,-0.035583674907684326,-0.10768632590770721,0,0.05631110072135925,0.9789748191833496,0.1960550844669342,0,0.09844578802585602,-0.20085406303405762,0.9746620655059814,0,5.76768159866333,-29.108531951904297,-62.637325286865234,1]},{"t":0.1513999999761566,"values":[0.3993523418903351,0.2506813704967499,0.04659559205174446,0.10800600796937943,0.07749037444591522,0.47847169637680054,0.0033763423562049866,0.5196268558502197,0.2764895260334015,0.097864530980587,0.06635302305221558,0.03980351984500885,0.4155944883823395,0.0007146513089537621,0.000017641326849116012,0.07909023761749268,0.000054319963965099305,0.040004413574934006,0.00693964958190918,0.007961956784129143,0.9854385852813721,0.003548520850017667,0.004469376523047686,4.75967958379897e-8,3.183853181099039e-8,0.000011761480891436804,0.000011735175576177426,0.002857512328773737,0.009424369782209396,0.000004022978828288615,0.000007069521871017059,0.5874283313751221,0.5725541114807129,0.006704987026751041,0.061859723180532455,0.0011461284011602402,0.005566933657974005,0.0014711047988384962,0.0010207963641732931,0.0000017451920939492993,0.000003785805120060104,0.0766441598534584,0.2249465137720108,0.004539084155112505,0.03698053956031799,0.008240671828389168,0.000012253242857696023,1.409975993738044e-7,1.4339292420118e-7,5.021033757657278e-7,7.009117553025135e-8],"faceMatrix":[0.9935483336448669,-0.035583674907684326,-0.10768632590770721,0,0.05631110072135925,0.9789748191833496,0.1960550844669342,0,0.09844578802585602,-0.20085406303405762,0.9746620655059814,0,5.76768159866333,-29.108531951904297,-62.637325286865234,1]},{"t":0.1629999999999967,"values":[0.3993523418903351,0.2506813704967499,0.04659559205174446,0.10800600796937943,0.07749037444591522,0.47847169637680054,0.0033763423562049866,0.5196268558502197,0.2764895260334015,0.097864530980587,0.06635302305221558,0.03980351984500885,0.4155944883823395,0.0007146513089537621,0.000017641326849116012,0.07909023761749268,0.000054319963965099305,0.040004413574934006,0.00693964958190918,0.007961956784129143,0.9854385852813721,0.003548520850017667,0.004469376523047686,4.75967958379897e-8,3.183853181099039e-8,0.000011761480891436804,0.000011735175576177426,0.002857512328773737,0.009424369782209396,0.000004022978828288615,0.000007069521871017059,0.5874283313751221,0.5725541114807129,0.006704987026751041,0.061859723180532455,0.0011461284011602402,0.005566933657974005,0.0014711047988384962,0.0010207963641732931,0.0000017451920939492993,0.000003785805120060104,0.0766441598534584,0.2249465137720108,0.004539084155112505,0.03698053956031799,0.008240671828389168,0.000012253242857696023,1.409975993738044e-7,1.4339292420118e-7,5.021033757657278e-7,7.009117553025135e-8],"faceMatrix":[0.9935483336448669,-0.035583674907684326,-0.10768632590770721,0,0.05631110072135925,0.9789748191833496,0.1960550844669342,0,0.09844578802585602,-0.20085406303405762,0.9746620655059814,0,5.76768159866333,-29.108531951904297,-62.637325286865234,1]},{"t":0.17419999998807612,"values":[0.4312657117843628,0.336811900138855,0.03703908994793892,0.1360693722963333,0.06382810324430466,0.5343265533447266,0.003847003448754549,0.5031121969223022,0.33341264724731445,0.1395966112613678,0.03988448530435562,0.02704274095594883,0.44944697618484497,0.0006803059368394315,0.0000417328265029937,0.036612369120121,0.00017101540288422257,0.0351746641099453,0.0065030427649617195,0.016648901626467705,0.9842225313186646,0.0035846226383000612,0.002655891003087163,4.046127344281558e-8,6.185170775552251e-8,0.000011891350368387066,0.000013596744793176185,0.0008676638244651258,0.011281435377895832,0.0000017750652432368952,0.000021531403035623953,0.2800762355327606,0.4302942454814911,0.003444080241024494,0.016300229355692863,0.0004757409042213112,0.01122775673866272,0.005362851545214653,0.0028347463812679052,0.0000013858033298674854,0.000004385739885037765,0.0884215384721756,0.14014983177185059,0.0028190065640956163,0.03692086413502693,0.012518060393631458,0.000011991850442427676,1.1182607551063484e-7,9.272581280583836e-8,7.374058554887597e-7,8.497403314322582e-8],"faceMatrix":[0.9935319423675537,-0.028345754370093346,-0.1099536195397377,0,0.046879153698682785,0.9843572378158569,0.16982999444007874,0,0.10341978818178177,-0.1738862246274948,0.9793197512626648,0,5.885251522064209,-29.440202713012695,-63.066402435302734,1]},{"t":0.18430000001191615,"values":[0.4312657117843628,0.336811900138855,0.03703908994793892,0.1360693722963333,0.06382810324430466,0.5343265533447266,0.003847003448754549,0.5031121969223022,0.33341264724731445,0.1395966112613678,0.03988448530435562,0.02704274095594883,0.44944697618484497,0.0006803059368394315,0.0000417328265029937,0.036612369120121,0.00017101540288422257,0.0351746641099453,0.0065030427649617195,0.016648901626467705,0.9842225313186646,0.0035846226383000612,0.002655891003087163,4.046127344281558e-8,6.185170775552251e-8,0.000011891350368387066,0.000013596744793176185,0.0008676638244651258,0.011281435377895832,0.0000017750652432368952,0.000021531403035623953,0.2800762355327606,0.4302942454814911,0.003444080241024494,0.016300229355692863,0.0004757409042213112,0.01122775673866272,0.005362851545214653,0.0028347463812679052,0.0000013858033298674854,0.000004385739885037765,0.0884215384721756,0.14014983177185059,0.0028190065640956163,0.03692086413502693,0.012518060393631458,0.000011991850442427676,1.1182607551063484e-7,9.272581280583836e-8,7.374058554887597e-7,8.497403314322582e-8],"faceMatrix":[0.9935319423675537,-0.028345754370093346,-0.1099536195397377,0,0.046879153698682785,0.9843572378158569,0.16982999444007874,0,0.10341978818178177,-0.1738862246274948,0.9793197512626648,0,5.885251522064209,-29.440202713012695,-63.066402435302734,1]},{"t":0.1956000000238376,"values":[0.4312657117843628,0.336811900138855,0.03703908994793892,0.1360693722963333,0.06382810324430466,0.5343265533447266,0.003847003448754549,0.5031121969223022,0.33341264724731445,0.1395966112613678,0.03988448530435562,0.02704274095594883,0.44944697618484497,0.0006803059368394315,0.0000417328265029937,0.036612369120121,0.00017101540288422257,0.0351746641099453,0.0065030427649617195,0.016648901626467705,0.9842225313186646,0.0035846226383000612,0.002655891003087163,4.046127344281558e-8,6.185170775552251e-8,0.000011891350368387066,0.000013596744793176185,0.0008676638244651258,0.011281435377895832,0.0000017750652432368952,0.000021531403035623953,0.2800762355327606,0.4302942454814911,0.003444080241024494,0.016300229355692863,0.0004757409042213112,0.01122775673866272,0.005362851545214653,0.0028347463812679052,0.0000013858033298674854,0.000004385739885037765,0.0884215384721756,0.14014983177185059,0.0028190065640956163,0.03692086413502693,0.012518060393631458,0.000011991850442427676,1.1182607551063484e-7,9.272581280583836e-8,7.374058554887597e-7,8.497403314322582e-8],"faceMatrix":[0.9935319423675537,-0.028345754370093346,-0.1099536195397377,0,0.046879153698682785,0.9843572378158569,0.16982999444007874,0,0.10341978818178177,-0.1738862246274948,0.9793197512626648,0,5.885251522064209,-29.440202713012695,-63.066402435302734,1]},{"t":0.2056000000238427,"values":[0.5164872407913208,0.29995784163475037,0.06734599173069,0.08590102195739746,0.06124500930309296,0.5566446781158447,0.00267911609262228,0.47429996728897095,0.31044265627861023,0.06680414825677872,0.10640057921409607,0.03457055240869522,0.4615175127983093,0.0009953570552170277,0.000043562667997321114,0.04770233482122421,0.0002098966797348112,0.042402151972055435,0.011851226910948753,0.04428456723690033,0.9935349225997925,0.00999003928154707,0.0025976693723350763,9.948482215804688e-8,6.883664127599332e-8,0.0000010730036592576653,0.0000012327708418524708,0.007242418359965086,0.0048716505989432335,0.000002111347384925466,0.000005671347935276572,0.1456405520439148,0.37502554059028625,0.0031250088941305876,0.007158062886446714,0.0006927664508111775,0.0020977077074348927,0.0014394563622772694,0.0014608984347432852,0.0000017159806020572432,0.000002393633621977642,0.12434185296297073,0.14606282114982605,0.0019707295577973127,0.02355974353849888,0.01576889306306839,0.000012054259968863335,1.073389981343098e-7,1.3626653583287407e-7,5.380035190682975e-7,5.7883521975554686e-8],"faceMatrix":[0.9933147430419922,-0.019826142117381096,-0.1137215867638588,0,0.03917359933257103,0.9845753312110901,0.17051702737808228,0,0.10858679562807083,-0.1738320142030716,0.9787701964378357,0,5.751279830932617,-28.95856475830078,-62.04085922241211,1]},{"t":0.21539999997615666,"values":[0.5164872407913208,0.29995784163475037,0.06734599173069,0.08590102195739746,0.06124500930309296,0.5566446781158447,0.00267911609262228,0.47429996728897095,0.31044265627861023,0.06680414825677872,0.10640057921409607,0.03457055240869522,0.4615175127983093,0.0009953570552170277,0.000043562667997321114,0.04770233482122421,0.0002098966797348112,0.042402151972055435,0.011851226910948753,0.04428456723690033,0.9935349225997925,0.00999003928154707,0.0025976693723350763,9.948482215804688e-8,6.883664127599332e-8,0.0000010730036592576653,0.0000012327708418524708,0.007242418359965086,0.0048716505989432335,0.000002111347384925466,0.000005671347935276572,0.1456405520439148,0.37502554059028625,0.0031250088941305876,0.007158062886446714,0.0006927664508111775,0.0020977077074348927,0.0014394563622772694,0.0014608984347432852,0.0000017159806020572432,0.000002393633621977642,0.12434185296297073,0.14606282114982605,0.0019707295577973127,0.02355974353849888,0.01576889306306839,0.000012054259968863335,1.073389981343098e-7,1.3626653583287407e-7,5.380035190682975e-7,5.7883521975554686e-8],"faceMatrix":[0.9933147430419922,-0.019826142117381096,-0.1137215867638588,0,0.03917359933257103,0.9845753312110901,0.17051702737808228,0,0.10858679562807083,-0.1738320142030716,0.9787701964378357,0,5.751279830932617,-28.95856475830078,-62.04085922241211,1]},{"t":0.22499999999999432,"values":[0.5164872407913208,0.29995784163475037,0.06734599173069,0.08590102195739746,0.06124500930309296,0.5566446781158447,0.00267911609262228,0.47429996728897095,0.31044265627861023,0.06680414825677872,0.10640057921409607,0.03457055240869522,0.4615175127983093,0.0009953570552170277,0.000043562667997321114,0.04770233482122421,0.0002098966797348112,0.042402151972055435,0.011851226910948753,0.04428456723690033,0.9935349225997925,0.00999003928154707,0.0025976693723350763,9.948482215804688e-8,6.883664127599332e-8,0.0000010730036592576653,0.0000012327708418524708,0.007242418359965086,0.0048716505989432335,0.000002111347384925466,0.000005671347935276572,0.1456405520439148,0.37502554059028625,0.0031250088941305876,0.007158062886446714,0.0006927664508111775,0.0020977077074348927,0.0014394563622772694,0.0014608984347432852,0.0000017159806020572432,0.000002393633621977642,0.12434185296297073,0.14606282114982605,0.0019707295577973127,0.02355974353849888,0.01576889306306839,0.000012054259968863335,1.073389981343098e-7,1.3626653583287407e-7,5.380035190682975e-7,5.7883521975554686e-8],"faceMatrix":[0.9933147430419922,-0.019826142117381096,-0.1137215867638588,0,0.03917359933257103,0.9845753312110901,0.17051702737808228,0,0.10858679562807083,-0.1738320142030716,0.9787701964378357,0,5.751279830932617,-28.95856475830078,-62.04085922241211,1]},{"t":0.2348999999761574,"values":[0.5164872407913208,0.29995784163475037,0.06734599173069,0.08590102195739746,0.06124500930309296,0.5566446781158447,0.00267911609262228,0.47429996728897095,0.31044265627861023,0.06680414825677872,0.10640057921409607,0.03457055240869522,0.4615175127983093,0.0009953570552170277,0.000043562667997321114,0.04770233482122421,0.0002098966797348112,0.042402151972055435,0.011851226910948753,0.04428456723690033,0.9935349225997925,0.00999003928154707,0.0025976693723350763,9.948482215804688e-8,6.883664127599332e-8,0.0000010730036592576653,0.0000012327708418524708,0.007242418359965086,0.0048716505989432335,0.000002111347384925466,0.000005671347935276572,0.1456405520439148,0.37502554059028625,0.0031250088941305876,0.007158062886446714,0.0006927664508111775,0.0020977077074348927,0.0014394563622772694,0.0014608984347432852,0.0000017159806020572432,0.000002393633621977642,0.12434185296297073,0.14606282114982605,0.0019707295577973127,0.02355974353849888,0.01576889306306839,0.000012054259968863335,1.073389981343098e-7,1.3626653583287407e-7,5.380035190682975e-7,5.7883521975554686e-8],"faceMatrix":[0.9933147430419922,-0.019826142117381096,-0.1137215867638588,0,0.03917359933257103,0.9845753312110901,0.17051702737808228,0,0.10858679562807083,-0.1738320142030716,0.9787701964378357,0,5.751279830932617,-28.95856475830078,-62.04085922241211,1]},{"t":0.24639999997615547,"values":[0.504093587398529,0.3784014582633972,0.0558139905333519,0.10164140909910202,0.04321340098977089,0.5605955123901367,0.0022707644384354353,0.469267874956131,0.37314409017562866,0.09442393481731415,0.05991915985941887,0.028052248060703278,0.513308048248291,0.0007159020751714706,0.00005001825775252655,0.029368219897150993,0.00020240445155650377,0.05274946987628937,0.018539635464549065,0.030546046793460846,0.9442402124404907,0.005530132912099361,0.0024531472008675337,0.0000011428141988290008,7.840126272640191e-7,0.0000013882398661735351,0.0000012435764347173972,0.0037127218674868345,0.004861949011683464,0.00001412520396115724,0.0000098941436590394,0.046515434980392456,0.27244842052459717,0.0032303323969244957,0.0032874103635549545,0.0013330753426998854,0.0027793701738119125,0.0009478831198066473,0.0008242286858148873,0.000003329454784761765,0.000004554402039502747,0.14826758205890656,0.17175710201263428,0.0009713461622595787,0.011578640900552273,0.010107452981173992,0.00001277783030673163,7.509867572252915e-8,8.697636388887986e-8,2.884080174681003e-7,5.173189876472861e-8],"faceMatrix":[0.9924684166908264,-0.014762362465262413,-0.12160172313451767,0,0.03298211842775345,0.9882538914680481,0.14921529591083527,0,0.11797060817480087,-0.15210218727588654,0.9812982678413391,0,5.709038734436035,-29.013694763183594,-61.88068389892578,1]},{"t":0.25689999997615587,"values":[0.504093587398529,0.3784014582633972,0.0558139905333519,0.10164140909910202,0.04321340098977089,0.5605955123901367,0.0022707644384354353,0.469267874956131,0.37314409017562866,0.09442393481731415,0.05991915985941887,0.028052248060703278,0.513308048248291,0.0007159020751714706,0.00005001825775252655,0.029368219897150993,0.00020240445155650377,0.05274946987628937,0.018539635464549065,0.030546046793460846,0.9442402124404907,0.005530132912099361,0.0024531472008675337,0.0000011428141988290008,7.840126272640191e-7,0.0000013882398661735351,0.0000012435764347173972,0.0037127218674868345,0.004861949011683464,0.00001412520396115724,0.0000098941436590394,0.046515434980392456,0.27244842052459717,0.0032303323969244957,0.0032874103635549545,0.0013330753426998854,0.0027793701738119125,0.0009478831198066473,0.0008242286858148873,0.000003329454784761765,0.000004554402039502747,0.14826758205890656,0.17175710201263428,0.0009713461622595787,0.011578640900552273,0.010107452981173992,0.00001277783030673163,7.509867572252915e-8,8.697636388887986e-8,2.884080174681003e-7,5.173189876472861e-8],"faceMatrix":[0.9924684166908264,-0.014762362465262413,-0.12160172313451767,0,0.03298211842775345,0.9882538914680481,0.14921529591083527,0,0.11797060817480087,-0.15210218727588654,0.9812982678413391,0,5.709038734436035,-29.013694763183594,-61.88068389892578,1]},{"t":0.26730000001192167,"values":[0.504093587398529,0.3784014582633972,0.0558139905333519,0.10164140909910202,0.04321340098977089,0.5605955123901367,0.0022707644384354353,0.469267874956131,0.37314409017562866,0.09442393481731415,0.05991915985941887,0.028052248060703278,0.513308048248291,0.0007159020751714706,0.00005001825775252655,0.029368219897150993,0.00020240445155650377,0.05274946987628937,0.018539635464549065,0.030546046793460846,0.9442402124404907,0.005530132912099361,0.0024531472008675337,0.0000011428141988290008,7.840126272640191e-7,0.0000013882398661735351,0.0000012435764347173972,0.0037127218674868345,0.004861949011683464,0.00001412520396115724,0.0000098941436590394,0.046515434980392456,0.27244842052459717,0.0032303323969244957,0.0032874103635549545,0.0013330753426998854,0.0027793701738119125,0.0009478831198066473,0.0008242286858148873,0.000003329454784761765,0.000004554402039502747,0.14826758205890656,0.17175710201263428,0.0009713461622595787,0.011578640900552273,0.010107452981173992,0.00001277783030673163,7.509867572252915e-8,8.697636388887986e-8,2.884080174681003e-7,5.173189876472861e-8],"faceMatrix":[0.9924684166908264,-0.014762362465262413,-0.12160172313451767,0,0.03298211842775345,0.9882538914680481,0.14921529591083527,0,0.11797060817480087,-0.15210218727588654,0.9812982678413391,0,5.709038734436035,-29.013694763183594,-61.88068389892578,1]},{"t":0.27769999998808004,"values":[0.5017184019088745,0.39534828066825867,0.05973772332072258,0.09380020946264267,0.04076306149363518,0.471250981092453,0.002313916804268956,0.48247599601745605,0.382826030254364,0.08800175040960312,0.06546788662672043,0.027301589027047157,0.521869421005249,0.0006585302180610597,0.000046208497224142775,0.09231915324926376,0.00005103353032609448,0.028451556339859962,0.007448690012097359,0.037059348076581955,0.9710935354232788,0.004062008112668991,0.003431422868743539,0.0000012101126003472018,5.098916631141037e-7,0.000002530525534893968,0.0000013290194829096436,0.0025919186882674694,0.004669634625315666,0.00008004601841093972,0.0000041925932237063535,0.03598169982433319,0.26313191652297974,0.0026624712627381086,0.003010560991242528,0.0017651441739872098,0.0020946795120835304,0.0009063779143616557,0.0008286019437946379,0.0000022390540834749117,0.0000034250447242811788,0.1451198160648346,0.2042340189218521,0.0009126110817305744,0.015099947340786457,0.01104071643203497,0.00001228926339535974,5.9234270821661994e-8,8.251658556446273e-8,3.686357388232864e-7,3.9493393444445246e-8],"faceMatrix":[0.9925546646118164,-0.01055306289345026,-0.12134373188018799,0,0.029270831495523453,0.9877112507820129,0.1535254269838333,0,0.11823247373104095,-0.15593425929546356,0.9806660413742065,0,5.803187847137451,-29.3331241607666,-62.615535736083984,1]},{"t":0.28839999997615706,"values":[0.5017184019088745,0.39534828066825867,0.05973772332072258,0.09380020946264267,0.04076306149363518,0.471250981092453,0.002313916804268956,0.48247599601745605,0.382826030254364,0.08800175040960312,0.06546788662672043,0.027301589027047157,0.521869421005249,0.0006585302180610597,0.000046208497224142775,0.09231915324926376,0.00005103353032609448,0.028451556339859962,0.007448690012097359,0.037059348076581955,0.9710935354232788,0.004062008112668991,0.003431422868743539,0.0000012101126003472018,5.098916631141037e-7,0.000002530525534893968,0.0000013290194829096436,0.0025919186882674694,0.004669634625315666,0.00008004601841093972,0.0000041925932237063535,0.03598169982433319,0.26313191652297974,0.0026624712627381086,0.003010560991242528,0.0017651441739872098,0.0020946795120835304,0.0009063779143616557,0.0008286019437946379,0.0000022390540834749117,0.0000034250447242811788,0.1451198160648346,0.2042340189218521,0.0009126110817305744,0.015099947340786457,0.01104071643203497,0.00001228926339535974,5.9234270821661994e-8,8.251658556446273e-8,3.686357388232864e-7,3.9493393444445246e-8],"faceMatrix":[0.9925546646118164,-0.01055306289345026,-0.12134373188018799,0,0.029270831495523453,0.9877112507820129,0.1535254269838333,0,0.11823247373104095,-0.15593425929546356,0.9806660413742065,0,5.803187847137451,-29.3331241607666,-62.615535736083984,1]},{"t":0.3001000000238392,"values":[0.5017184019088745,0.39534828066825867,0.05973772332072258,0.09380020946264267,0.04076306149363518,0.471250981092453,0.002313916804268956,0.48247599601745605,0.382826030254364,0.08800175040960312,0.06546788662672043,0.027301589027047157,0.521869421005249,0.0006585302180610597,0.000046208497224142775,0.09231915324926376,0.00005103353032609448,0.028451556339859962,0.007448690012097359,0.037059348076581955,0.9710935354232788,0.004062008112668991,0.003431422868743539,0.0000012101126003472018,5.098916631141037e-7,0.000002530525534893968,0.0000013290194829096436,0.0025919186882674694,0.004669634625315666,0.00008004601841093972,0.0000041925932237063535